0.0233904
0.0999374
0.406519
1.64189
6.61349
26.7256
106.778
423.715
0.0136113
0.0526908
0.20466
0.829028
3.32284
13.2698
53.0928
210.921
0.0102958
0.0296674
0.105125
0.415244
1.66816
6.68943
26.6658
105.884
0.00732909
0.0164724
0.0559537
0.211357
0.83898
3.35577
13.4126
53.2639
0.00492539
0.0102588
0.0428111
0.113446
0.422577
1.71512
6.68915
26.7706
0.00247473
0.00574156
0.01785
0.0660042
0.216051
0.864043
3.39499
13.3841
0.0040437
0.00562321
0.0165062
0.0335182
0.109222
0.42731
1.73648
6.99292
