0.305202
0.289329
0.49089
1.59651
5.52284
21.0247
82.9938
330.1
1333.28
0.175878
0.227725
0.372829
0.888319
3.00972
11.1575
42.9745
171.406
662.526
0.176963
0.187144
0.239326
0.468896
1.55831
5.25156
21.0637
81.4424
335.083
0.183563
0.215018
0.200734
0.32105
0.849458
2.99306
10.2587
40.8492
164.416
0.172069
0.176035
0.19372
0.24817
0.476305
1.55087
5.34004
20.8185
81.3454
0.23197
0.215348
0.184373
0.264166
0.394263
1.14589
3.81389
13.9769
55.2793
0.181373
0.174893
0.174953
0.248886
0.388468
1.15882
3.75126
14.024
57.2443
0.183293
0.194118
0.187766
0.244309
0.404935
1.18096
3.74539
14.7236
57.6387
0.167604
0.17663
0.190987
0.220408
0.444106
1.05284
3.67786
13.9554
57.0714
0.172374
0.179769
0.170218
0.274539
0.410154
1.09308
3.66288
14.7802
57.9937
